52 0.0578016 0.573341 0.0284173 0.075974 0.512036
52 0.0666342 0.773185 0.0315451 0.0794841 0.265931
52 0.0578016 0.573341 0.0284173 0.075974 0.512036
52 0.0666342 0.773185 0.0315451 0.0794841 0.265931
52 0.0578016 0.573341 0.0284173 0.075974 0.512036
52 0.0666342 0.773185 0.0315451 0.0794841 0.265931
52 0.0578016 0.573341 0.0284173 0.075974 0.512036
52 0.0666342 0.773185 0.0315451 0.0794841 0.265931
52 0.0578016 0.573341 0.0284173 0.075974 0.512036
52 0.0666342 0.773185 0.0315451 0.0794841 0.265931
52 0.0578016 0.573341 0.0284173 0.075974 0.512036
52 0.0666342 0.773185 0.0315451 0.0794841 0.265931
52 0.0578016 0.573341 0.0284173 0.075974 0.512036
52 0.0666342 0.773185 0.0315451 0.0794841 0.265931
52 0.0578016 0.573341 0.0284173 0.075974 0.512036
52 0.0666342 0.773185 0.0315451 0.0794841 0.265931
52 0.0578016 0.573341 0.0284173 0.075974 0.512036
52 0.0666342 0.773185 0.0315451 0.0794841 0.265931
52 0.0578016 0.573341 0.0284173 0.075974 0.512036
52 0.0666342 0.773185 0.0315451 0.0794841 0.265931
52 0.0578016 0.573341 0.0284173 0.075974 0.512036
52 0.0666342 0.773185 0.0315451 0.0794841 0.265931
52 0.0578016 0.573341 0.0284173 0.075974 0.512036
52 0.0666342 0.773185 0.0315451 0.0794841 0.265931
52 0.0578016 0.573341 0.0284173 0.075974 0.512036
52 0.0666342 0.773185 0.0315451 0.0794841 0.265931
52 0.0578016 0.573341 0.0284173 0.075974 0.512036
52 0.0666342 0.773185 0.0315451 0.0794841 0.265931
52 0.0578016 0.573341 0.0284173 0.075974 0.512036
52 0.0666342 0.773185 0.0315451 0.0794841 0.265931
52 0.0578016 0.573341 0.0284173 0.075974 0.512036
52 0.0666342 0.773185 0.0315451 0.0794841 0.265931
52 0.0578016 0.573341 0.0284173 0.075974 0.512036
52 0.0666342 0.773185 0.0315451 0.0794841 0.265931
52 0.0578016 0.573341 0.0284173 0.075974 0.512036
52 0.0666342 0.773185 0.0315451 0.0794841 0.265931
52 0.0578016 0.573341 0.0284173 0.075974 0.512036
52 0.0666342 0.773185 0.0315451 0.0794841 0.265931
52 0.0578016 0.573341 0.0284173 0.075974 0.512036
52 0.0666342 0.773185 0.0315451 0.0794841 0.265931
52 0.0578016 0.573341 0.0284173 0.075974 0.512036
52 0.0666342 0.773185 0.0315451 0.0794841 0.265931
52 0.0578016 0.573341 0.0284173 0.075974 0.512036
52 0.0666342 0.773185 0.0315451 0.0794841 0.265931
52 0.0578016 0.573341 0.0284173 0.075974 0.512036
52 0.0666342 0.773185 0.0315451 0.0794841 0.265931
52 0.0578016 0.573341 0.0284173 0.075974 0.512036
52 0.0666342 0.773185 0.0315451 0.0794841 0.265931
52 0.0578016 0.573341 0.0284173 0.075974 0.512036
52 0.0666342 0.773185 0.0315451 0.0794841 0.265931
52 0.0578016 0.573341 0.0284173 0.075974 0.512036
52 0.0666342 0.773185 0.0315451 0.0794841 0.265931
52 0.0578016 0.573341 0.0284173 0.075974 0.512036
52 0.0666342 0.773185 0.0315451 0.0794841 0.265931
52 0.0578016 0.573341 0.0284173 0.075974 0.512036
52 0.0666342 0.773185 0.0315451 0.0794841 0.265931
52 0.0578016 0.573341 0.0284173 0.075974 0.512036
52 0.0666342 0.773185 0.0315451 0.0794841 0.265931
52 0.0578016 0.573341 0.0284173 0.075974 0.512036
52 0.0666342 0.773185 0.0315451 0.0794841 0.265931
52 0.0578016 0.573341 0.0284173 0.075974 0.512036
52 0.0666342 0.773185 0.0315451 0.0794841 0.265931
52 0.0578016 0.573341 0.0284173 0.075974 0.512036
52 0.0666342 0.773185 0.0315451 0.0794841 0.265931
52 0.0578016 0.573341 0.0284173 0.075974 0.512036
52 0.0666342 0.773185 0.0315451 0.0794841 0.265931
52 0.0578016 0.573341 0.0284173 0.075974 0.512036
52 0.0666342 0.773185 0.0315451 0.0794841 0.265931
52 0.0578016 0.573341 0.0284173 0.075974 0.512036
52 0.0666342 0.773185 0.0315451 0.0794841 0.265931
52 0.0578016 0.573341 0.0284173 0.075974 0.512036
52 0.0666342 0.773185 0.0315451 0.0794841 0.265931
52 0.0578016 0.573341 0.0284173 0.075974 0.512036
52 0.0666342 0.773185 0.0315451 0.0794841 0.265931
52 0.0578016 0.573341 0.0284173 0.075974 0.512036
52 0.0666342 0.773185 0.0315451 0.0794841 0.265931
52 0.0578016 0.573341 0.0284173 0.075974 0.512036
52 0.0666342 0.773185 0.0315451 0.0794841 0.265931
