52 0.0578018 0.573358 0.0283955 0.0759779 0.51268
52 0.0666317 0.77318 0.0315359 0.0795088 0.267301
52 0.0578018 0.573358 0.0283955 0.0759779 0.51268
52 0.0666317 0.77318 0.0315359 0.0795088 0.267301
52 0.0578018 0.573358 0.0283955 0.0759779 0.51268
52 0.0666317 0.77318 0.0315359 0.0795088 0.267301
52 0.0578018 0.573358 0.0283955 0.0759779 0.51268
52 0.0666317 0.77318 0.0315359 0.0795088 0.267301
52 0.0578018 0.573358 0.0283955 0.0759779 0.51268
52 0.0666317 0.77318 0.0315359 0.0795088 0.267301
52 0.0578018 0.573358 0.0283955 0.0759779 0.51268
52 0.0666317 0.77318 0.0315359 0.0795088 0.267301
52 0.0581534 0.572764 0.0293106 0.0772451 0.448786
52 0.0581534 0.572764 0.0293106 0.0772451 0.448786
52 0.0581538 0.572763 0.0293115 0.0772456 0.448605
52 0.0581564 0.572765 0.0293233 0.0772956 0.451882
